39798748151
53127045095
90207032953
25767505971
73301677820
69265794533
13661340255
50055308628
41745794067
43273190332
10668982526
13066801428
84822246342
20626006744
89733603107
23735223984
47978883318
67233076925
71121745391
64883848722
90249380747
49756185542
25350273851
41222219051
46800313547
91427839881
69033164200
99105247348
49453374112
71012055136
97947772260
92528806383
58467063147
66480604796
75128548389
50565941248
34446209846
10163538623
94759747126
69984828650
69839690096
66885951936
93234875429
73517123829
24144689581
15761103219
10329797501
45657679125
45995326494
54220119735
37237568092
11889294798
20263257881
36433191325
55485278648
69271435608
30680063355
77244722874
82907492488
82180603076
70767673533
70534946471
19000478835
55392159600
74159839072
39921400736
49658286439
36487185585
54340339345
10199494540
57956322459
60253183237
39987354880
73480513719
35563439616
81292137627
19696166787
29997137434
56107819600
25987275474
60182924393
12190969922
58041197843
17149253576
25758322498
12335384936
12673921220
49768936851
10336450262
40554529833
44722450174
15540448572
90962303984
20098923392
19074519880
49705019553
51809884196
65124601723
33700373362
59473873963
13734618261
79033381518
84515081912
84747560205
41326452604
44278391049
85014280568
96181362412
35793609354
19230718753
41767365751
97691455099
74724385613
80297565590
97254662536
77944241609
44026282196
73460980191
59839911202
15807271254
40895952747
10698827188
56833217047
68706262141
79211607219
98479841280
88082251727
65510295202
96315273443
87938557079
71461432336
89090523241
86607904283
91642518822
86628642405
47895071749
71829142596
41225400400
50705083411
97379757790
79907046087
68681224070
88056546527
56366356850
67719393964
74566067742
73586494752
30165838422
44286131778
26022811966
99891671621
82633893734
77155782682
71851944529
86298918593
52280729488
40539635952
21111211966
70133428759
37675477228
56898649572
34159769041
30866437472
86472276617
26187253405
33659849103
48583044691
64657357170
35438641862
61838362709
18410323112
38914229647
72547143063
50032760074
32754040824
10239269694
45911518010
66279876137
66713040439
97825415599
33561212159
59460374620
73081574610
10224798019
44196570894
85220926255
13489647909
98419284278
75771897502
44889091343
86096240065
63930664601
97216832532
51806780408
95842114502
41341310422
30400458090
20174090178
55977740865
45517548977