91198
31408
16784
38786
57848
30916
49435
77295
35870
35537
67488
92916
19614
80490
42748
13141
95448
18942
62221
71076
23589
48171
44473
90492
57358
42731
1957
48713
63632
71299
81910
39000
59122
50296
80145
30737
99103
25369
20750
14861
39431
21741
38577
56059
3123
94919
17686
70464
51778
27521
44364
88740
90147
58150
46501
6244
1200
17731
28409
28318
12102
88883
87066
29523
26851
98069
71022
4506
89283
72239
97167
35982
97891
36343
19546
81550
63109
99951
18334
9690
87499
73297
6359
26
77975
81911
47319
49723
94879
44891
61753
56094
67669
17539
53200
14282
93001
96173
91432
19
27627
62093
69877
66256
4888
80428
93867
21361
90211
81586
14117
98849
99086
28280
42749
58149
36285
23334
19667
94676
48737
85430
79455
44450
10912
8977
1917
84759
64270
27432
77019
7701
72748
18673
45705
27216
3749
9557
58118
37143
35924
92846
3845
5165
56660
81200
1219
34723
81074
87503
73342
53571
44537
74621
16459
4262
89021
6229
48461
46450
59020
78427
61943
76915
12408
14132
62111
99601
45160
6007
66446
83042
29266
65721
26775
90215
89326
24976
93743
55109
57936
23031
91318
70237
82381
2957
96296
35420
39616
98082
52690
22431
48020
60995
96701
94136
13859
50134
65846
30266
74405
83947
18702
48636
54248
50785
4145
32435
68059
80073
54896
76761
43920
52449
68890
78942
12844
4911
47333
52490
88971
20105
31148
31267
79248
56685
24934
71620
10064
13673
39383
63989
77671
98439
24857
39971
72783
62880
55314
46470
26162
44474
23937
95194
54694
89191
92706
62471
72211
46092
63343
27871
10404
63476
32586
17092
16163
25177
55958
99843
257
30539
1367
50386
52162
38231
23760
21433
79351
29752
10079
4092
89862
61840
10157
58936
74889
90713
24601
31726
70532
1863
51632
75369
51730
82984
97591
91512
44894
46175
43254
48153
44303
99864
33882
57664
42060
75994
81797
45052
98834
54347
7654
30382
77774
99689
21783
40088
82254
58224
47667
70811
43265
49918
69845
1116
53332
39680
81132
29301
24526
48074
7851
69220
2778
71939
7593
88303
67942
20843
28971
17445
3056
76111
4938
83542
88616
81510
91362
98581
74445
29122
83481
44812
52368
11758
72359
68374
788
63280
14349
28023
81706
16020
28010
4707
1650
34562
95490
73684
67290
19390
468
30647
93303
34609
73203
90084
8965
43746
97609
53421
15178
8625
13517
43740
519
32508
2950
24728
82281
73670
91631
43913
59554
45470
12361
74556
59363
28508
60873
57959
60910
7479
41776
58570
69006
46720
93793
42371
76839
54828
64101
72602
19709
86413
72523
45929
60665
55610
14953
23954
78661
26666
45259
89961
97913
91786
34645
55539
66622
50798
11255
52236
65463
36808
99034
68223
24112
76134
75363
3713
57734
70760
84530
23188
28940
15945
60558
94804
18980
70638
74642
19823
9754
23267
82396
80129
82636
62980
99832
58135
78734
23000
11957
90541
42697
86606
38991
75957
40830
64707
61203
15147
63011
84363
71512
37974
47318
57715
10380
11119
69361
19361
78808
66703
55685
11696
82471
16564
15180
51320
82468
71239
69617
15226
44131
77679
51441
25116
93150
98334
71977
64588
84162
92835
10385
39411
6999
88783
6646
80589
35013
40829
81361
77823
10943
96294
43249
58130
77197
15277
73306
10298
54686
40276
87812
30242
33596
30942
68211
45536
92324
12666
99019
69984
9204
2687
8430
37172
27657
67180
5828
86596
96636
70226
14534
17105
68671
29285
44223
84036
36211
22602
32842
11596
43208
29890
55174
18272
94055
70571
96420
29452
34317
70083
79417
82847
82685
75297
75763
8321
37129
17312
62555
7832
63721
50920
73939
43036
45241
51621
32773
29108
23589
11046
27253
574
52166
1456
94102
49231
24695
68624
75383
60985
66648
15940
61354
83104
69132
77277
80491
93258
14459
51348
28523
69645
98931
36180
18532
95231
95583
53935
40047
96390
1479
57864
6371
54748
4036
68799
82793
35569
38711
8605
115
42475
38370
39107
31444
59014
34425
23378
82499
89550
28782
31967
87439
73423
88867
89012
14387
96374
73143
31593
66994
6518
96071
17472
89150
26364
89871
95559
97791
66934
71758
37180
23284
10737
36405
12475
58379
77201
6557
89931
8748
16631
55395
13104
92456
60854
72270
72779
62998
21259
66688
11440
85732
23403
6738
65991
60756
88505
52200
50967
84176
46874
56368
38662
21214
58245
96426
54565
34404
78509
25621
61382
17192
6802
19896
57130
93772
62296
3118
96348
11150
69691
26684
47847
8284
99410
85958
28570
54961
60013
98606
82448
33179
12348
8535
56130
51866
96780
54500
99426
8167
76593
17173
97754
27416
65368
63194
31784
37812
12141
86298
13938
87668
29434
63348
87237
65403
61432
72006
98763
63198
267
53344
75322
9755
23025
8688
5641
70747
51691
40583
52826
87916
50885
61664
37629
63149
47686
58677
73410
49364
20450
30293
26682
77204
23688
39294
34347
68430
93859
35608
76316
24457
67664
52914
98075
30677
49753
31400
12503
93080
63491
39779
9271
51070
78652
57151
38773
5172
40734
42875
2605
39365
39635
28093
95112
89848
61319
84004
97165
14922
15919
81503
44322
92944
95990
15724
22793
53692
20732
16661
41557
78919
68533
4931
12825
3974
62934
128
30856
96584
35603
20850
1077
35323
2214
7269
92828
98718
36783
57692
26895
9582
80103
40354
63791
24561
11932
75978
83702
48967
59837
27147
28597
43325
1071
72234
36599
9381
91698
73800
13540
33193
92863
86325
65900
67867
94471
45556
40361
11888
75629
93525
87173
60823
19068
63197
20646
67891
65770
88039
14181
91285
58498
83894
64387
79531
59269
2724
73354
85769
71523
57799
19261
4882
6379
14015
89365
58091
45147
47567
21175
33537
40845
75568
80511
67357
5202
96593
47757
22872
96843
72166
81844
14906
66087
43673
30230
33684
21011
63183
65770
25198
10699
35245
74230
50032
16680
98231
58791
76925
4718
89519
48223
1330
17302
92983
92454
38635
1154
82140
48371
42650
81648
82476
85636
82505
47938
38529
95204
9961
27897
25661
17654
3351
46374
80205
97263
62030
9372
66585
64831
3182
48073
57548
23562
85516
68352
32390
49560
38195
93660
49492
9402
28140
14729
27215
80846
23824
54577
91631
29714
65781
38819
23110
11159
189
24622
17301
61592
51814
73201
66341
8429
24367
14140
84964
20604
33885
41938
85773
3533
66178
60027
87984
16898
70154
1789
90389
70302
14763
73540
66368
74987